userId	movieId	tag	timestamp
15204	1	fantasy	1306926130
20346	1	fantasy	1312088987
36312	1	fantasy	1243748536
103368	1	fantasy	1258698588
104394	1	fantasy	1246932578
5196	2	fantasy	1454270092
7803	2	fantasy	1528843929
15204	2	fantasy	1555875340
17111	2	fantasy	1511869079
22307	2	fantasy	1325585318
34164	2	fantasy	1516429419
35058	2	fantasy	1325783796
38672	2	fantasy	1530088342
53837	2	fantasy	1531740754
58533	2	fantasy	1212775891
80394	2	fantasy	1455138164
84442	2	fantasy	1154126755
90965	2	Fantasy	1139711697
103859	2	fantasy	1250387719
106681	2	fantasy	1275477535
120092	2	fantasy	1528829947
131454	2	fantasy	1328614307
137179	2	fantasy	1446853496
147750	2	fantasy	1340921558
149463	2	fantasy	1249829526
21096	3	sequel	1385355832
95673	3	sequel	1354556170
36535	5	Fantasy	1171941643
124601	5	sequel	1137102574
3225	10	sequel	1206902400
86425	19	sequel	1365944480
134386	24	Fantasy	1525583070
20346	34	fantasy	1378147014
30602	34	Animal	1208242033
35058	34	fantasy	1325783990
36159	34	fantasy	1437939518
89977	34	fantasy	1514482514
115820	34	Animal	1241223715
142781	34	fantasy	1519394240
149463	34	fantasy	1249829677
81723	47	the best	1161194641
123527	60	fantasy	1529867295
6550	72	college	1528352378
34047	72	college	1569082220
125054	72	college	1449839708
6550	76	alien planet	1528612468
35241	82	fantasy	1334408193
19346	153	sequel	1531168498
39742	153	sequel	1140403745
44444	153	sequel	1506527204
54838	153	sequel	1279656368
66999	153	sequel	1484298016
136147	153	sequel	1190926630
137655	153	sequel	1460064533
142781	153	sequel	1521354029
153559	153	sequel	1139770135
6550	154	fantasy	1528592816
6550	158	ghost	1528513365
89320	158	ghost	1147408919
90965	158	ghost	1139711048
100871	158	ghost	1137276694
115820	158	ghost	1241131885
6038	163	sequel	1415897144
20075	163	sequel	1371476774
95673	163	sequel	1354556158
110668	163	sequel	1153710106
6550	165	sequel	1527452931
95673	165	sequel	1354315717
105728	165	sequel	1538090137
144008	171	4th wall	1374326542
6550	179	college	1528591963
5819	196	alien	1567974749
5819	196	aliens	1567974731
6550	196	alien	1527452826
6550	196	alien dna	1527452826
9826	196	alien	1440419606
11952	196	Aliens	1268622927
13788	196	aliens	1447159696
19388	196	alien	1368295695
21096	196	aliens	1248086337
35058	196	aliens	1325784070
42923	196	alien	1368362694
66999	196	alien	1484873589
66999	196	aliens	1484873587
94552	196	alien	1466745031
94552	196	aliens	1466745029
96795	196	alien	1502633070
96795	196	aliens	1502633048
105728	196	aliens	1481001962
109141	196	aliens	1468617416
131347	196	aliens	1493224765
137365	196	alien	1368331354
155146	196	alien	1423246533
155146	196	aliens	1423246532
31371	224	fantasy	1358763624
34047	224	fantasy	1489359013
81017	224	fantasy	1139976646
103598	224	fantasy	1400937851
113932	224	fantasy	1227622807
6550	246	college	1528564008
6550	247	fantasy	1528593368
1541	253	fantasy	1433656887
15204	253	fantasy	1306877977
21002	253	fantasy	1241219625
26426	253	fantasy	1446960481
28633	253	fantasy	1566032123
31582	253	fantasy	1521588587
32922	253	fantasy	1281906845
39601	253	fantasy	1479967000
41191	253	fantasy	1538803803
45485	253	fantasy	1248695267
57061	253	fantasy	1525386945
57934	253	fantasy	1225282595
78897	253	fantasy	1446572674
94292	253	fantasy	1241378206
101695	253	fantasy	1183433253
101874	253	fantasy	1488243960
103598	253	fantasy	1310372578
107531	253	fantasy	1448419719
110972	253	fantasy	1487246665
111085	253	fantasy	1297727185
119138	253	fantasy	1289756552
126762	253	fantasy	1493421201
129453	253	fantasy	1522994774
141361	253	fantasy	1310345374
142712	253	fantasy	1441566439
143964	253	fantasy	1241910592
146798	253	fantasy	1424028684
146879	253	fantasy	1547258992
150805	253	fantasy	1433195370
110	260	fantasy	1437790687
264	260	aliens	1543390134
2977	260	fantasy	1439777027
3394	260	aliens	1532247044
3448	260	aliens	1492547883
3448	260	fantasy	1492547853
3570	260	fantasy	1546452939
4153	260	fantasy	1444291417
5163	260	aliens	1433858038
5819	260	aliens	1567946697
7344	260	fantasy	1443813014
7819	260	fantasy	1443690677
10391	260	fantasy	1253753062
12968	260	fantasy	1443993696
13405	260	aliens	1429709890
13405	260	fantasy	1429709871
13788	260	aliens	1446135374
14054	260	#fantasy	1438631479
14103	260	fantasy	1435321926
14819	260	fantasy	1439486559
15204	260	aliens	1555782498
15204	260	fantasy	1555782380
15560	260	aliens	1486956393
15560	260	fantasy	1486956338
16134	260	aliens	1550021185
17666	260	Fantasy	1265924843
20481	260	sequel	1430667894
21096	260	aliens	1338601347
21137	260	fantasy	1437534635
21524	260	fantasy	1444578969
22203	260	fantasy	1458439999
23770	260	fantasy	1438312058
24169	260	fantasy	1442029129
24544	260	Fantasy	1439787031
24692	260	fantasy	1430613577
25921	260	fantasy	1444170769
26245	260	fantasy	1242279608
27560	260	aliens	1535053618
27560	260	fantasy	1535053586
27598	260	aliens	1450947632
27598	260	all-time great	1450947853
27598	260	fantasy	1450947474
29799	260	aliens	1423751829
29799	260	fantasy	1423751822
29819	260	fantasy	1435177785
30027	260	fantasy	1440730213
30309	260	aliens	1245016112
30309	260	fantasy	1245016120
30442	260	fantasy	1291358122
30839	260	aliens	1441880512
30976	260	fantasy	1434737877
31020	260	fantasy	1290308245
32107	260	fantasy	1440786185
32840	260	fantasy	1442245431
33549	260	fantasy	1439100841
34112	260	#boring	1437515729
35058	260	aliens	1553684864
35058	260	fantasy	1325782573
35231	260	fantasy	1433657648
36142	260	fantasy	1433073368
36159	260	fantasy	1437929367
36312	260	aliens	1243748029
36312	260	fantasy	1243748000
37265	260	fantasy	1441103233
39072	260	fantasy	1430666745
40267	260	fantasy	1444519076
41117	260	fantasy	1434428064
42923	260	fantasy	1330110942
43004	260	aliens	1438243911
43069	260	fantasy	1243604229
44444	260	aliens	1506306996
44444	260	fantasy	1506306965
44616	260	fantasy	1440326104
45485	260	aliens	1248694868
45485	260	fantasy	1248694870
45512	260	aliens	1421651449
45832	260	fantasy	1441013220
47891	260	fantasy	1441506533
47969	260	sequel	1267986653
50264	260	fantasy	1443520866
50490	260	fantasy	1440434019
51019	260	fantasy	1439987270
51509	260	aliens	1438523540
52221	260	aliens	1432434923
54838	260	aliens	1239149238
55361	260	fantasy	1442500936
55783	260	fantasy	1487341555
56238	260	fantasy	1261936076
56512	260	fantasy	1440271544
57061	260	aliens	1498679618
57061	260	fantasy	1498679572
57279	260	fantasy	1437058557
59026	260	fantasy	1430170429
59654	260	fantasy	1441394644
60192	260	fantasy	1284819009
60970	260	fantasy	1442354141
61939	260	fantasy	1436237090
62919	260	fantasy	1140522074
62925	260	fantasy	1290927714
62986	260	fantasy	1301943329
63086	260	fantasy	1439255501
63453	260	fantasy	1440910412
64845	260	aliens	1386638787
64845	260	fantasy	1386638789
64966	260	sequel	1137170670
65494	260	fantasy	1433126071
65636	260	A good one time watch	1439318825
65982	260	fantasy	1439859615
67307	260	fantasy	1439911958
69291	260	fantasy	1432586572
69811	260	aliens	1436998491
70294	260	aliens	1260904574
72865	260	fantasy	1430432294
73482	260	fantasy	1441462957
75665	260	fantasy	1385395999
75736	260	fantasy	1431578688
77810	260	fantasy	1540172205
78897	260	fantasy	1447243377
79665	260	fantasy	1440976915
80327	260	fantasy	1436983159
80811	260	aliens	1244500489
84090	260	sequel	1438633278
84478	260	aliens	1489919247
84959	260	fantasy	1489500599
85444	260	fantasy	1439138240
86921	260	fantasy	1433592577
89320	260	fantasy	1147410798
90646	260	fantasy	1439794643
90782	260	fantasy	1441361787
91022	260	fantasy	1436389352
95416	260	fantasy	1441130861
95537	260	fantasy	1433707881
96866	260	fantasy	1426671006
97160	260	fantasy	1357083886
98303	260	fantasy	1436004427
99605	260	fantasy	1476318794
101328	260	fantasy	1444166042
101505	260	aliens	1479764239
101874	260	aliens	1566254046
102094	260	Fantasy	1434499487
102385	260	#fantasy	1444596858
104394	260	aliens	1290639142
107222	260	fantasy	1432023855
107442	260	fantasy	1431817996
107562	260	aliens	1241291491
109180	260	fantasy	1433822443
109441	260	aliens	1416440582
109441	260	fantasy	1416440560
109827	260	fantasy	1357414765
110325	260	fantasy	1436955188
111033	260	fantasy	1424472169
111757	260	fantasy	1444996727
112854	260	fantasy	1435440696
114058	260	fantasy	1434382633
115512	260	aliens	1308844712
115662	260	fantasy	1440336062
115820	260	aliens	1241224419
115820	260	fantasy	1241224407
115820	260	sequel	1241224377
115932	260	fantasy	1437683598
117047	260	fantasy	1431336602
118876	260	fantasy	1440793188
119483	260	aliens	1462130666
119483	260	fantasy	1462130622
120092	260	aliens	1533334703
120154	260	wild	1437791242
120840	260	fantasy	1441986863
124974	260	aliens	1264279297
124974	260	fantasy	1264279299
125054	260	fantasy	1433110960
125239	260	aliens	1473586442
125239	260	fantasy	1473586206
128789	260	sequel	1439806538
129370	260	fantasy	1439832306
130179	260	fantasy	1443365389
131493	260	fantasy	1437084144
133257	260	fantasy	1432946213
134298	260	fantasy	1399696262
134421	260	fantasy	1433434129
134617	260	all-time great	1433583961
135026	260	fantasy	1435143604
136121	260	fantasy	1455420876
137805	260	fantasy	1348022203
138852	260	aliens	1525550507
138852	260	fantasy	1525550467
141022	260	fantasy	1252005509
141207	260	fantasy	1499139656
141361	260	aliens	1310344605
141361	260	fantasy	1310344612
141361	260	sequel	1310344643
141430	260	fantasy	1437443041
141669	260	fantasy	1502043185
142682	260	fantasy	1549749249
144371	260	fantasy	1441669871
145061	260	fantasy	1137734935
145265	260	aliens	1329510859
145265	260	fantasy	1329510856
145650	260	aliens	1347775288
145650	260	fantasy	1294820976
146338	260	fantasy	1493933520
147309	260	fantasy	1435504331
147979	260	aliens	1551047063
148306	260	aliens	1461883718
148306	260	fantasy	1461883664
149044	260	aliens	1514303240
149463	260	aliens	1372541222
149463	260	fantasy	1372541231
150075	260	fantasy	1442130607
150662	260	aliens	1427998483
151732	260	aliens	1457834850
151732	260	fantasy	1457834809
6550	286	sequel	1527405044
110243	306	sequel	1205445093
14116	308	sequel	1241215510
110243	308	sequel	1205445052
7295	316	aliens	1435157360
15832	316	aliens	1428788348
21096	316	aliens	1348465993
26621	316	aliens	1487893497
33455	316	aliens	1464562067
51825	316	aliens	1424638307
53434	316	alien technology	1541378879
53434	316	aliens	1541378862
56238	316	aliens	1242993293
60142	316	aliens	1526092129
65243	316	alien technology	1517569526
66268	316	aliens	1547862336
78897	316	aliens	1447355192
82157	316	aliens	1242673610
93305	316	aliens	1176822665
97671	316	aliens	1277960734
102222	316	aliens	1445878885
106730	316	aliens	1304005174
110966	316	aliens	1403370147
113951	316	alien technology	1509227270
113951	316	aliens	1509227216
120792	316	aliens	1350236836
125054	316	alien technology	1450436743
131347	316	aliens	1162616766
140018	316	alien technology	1574165593
140018	316	aliens	1574165602
141625	316	aliens	1440107063
146338	316	aliens	1461688034
155146	316	aliens	1439415807
19346	317	fantasy	1513031186
36159	317	fantasy	1437960204
44444	317	fantasy	1506526365
56238	317	fantasy	1242994079
31047	318	the 90s	1526490918
43839	318	fantasy	1423314639
95673	329	sequel	1354316452
6550	332	alien	1528611939
6550	332	alien life-form	1528611939
4247	342	ABBA	1447409918
45004	342	ABBA	1564447021
60971	342	ABBA	1534031346
84470	342	ABBA	1503193026
89591	342	ABBA	1438472700
118668	342	ABBA	1414165687
95673	349	sequel	1354316075
15204	353	Fantasy	1307889678
52719	353	Fantasy	1233635503
103598	353	Fantasy	1310375462
104394	353	Fantasy	1247640480
143964	353	Fantasy	1241912123
151732	353	Fantasy	1409357075
15204	356	20th century	1555494309
31047	356	20th century	1454827766
46103	356	60s	1436850143
58647	356	20th century	1563081118
87888	356	fantasy	1436742335
131347	356	20th century	1567223910
3029	358	college	1166993365
21096	358	college	1246401629
94239	366	sequel	1572811704
44444	370	sequel	1506479249
95673	370	sequel	1354555994
155146	370	sequel	1495550269
60971	374	fantasy	1533232093
38672	410	sequel	1530087156
70115	410	Sequel	1533274747
6550	419	billionaire	1528512945
6550	420	sequel	1527452866
86425	420	sequel	1365946401
95673	420	sequel	1354497539
21096	424	college	1404228194
6550	426	alien	1528612477
6550	426	alien infection	1528612477
6550	426	alien invasion	1528612477
21096	426	aliens	1245741743
90441	432	sequel	1501880307
125054	432	sequel	1467557106
6550	435	alien life-form	1528513372
13788	435	aliens	1446132375
21096	435	aliens	1250130421
37329	435	aliens	1370734886
54838	435	alien invasion	1279641921
54838	435	aliens	1279641902
62707	435	alien invasion	1149143779
62707	435	aliens	1149143779
106730	435	aliens	1304082360
155146	435	aliens	1441643415
62014	440	fantasy	1308259029
95673	466	sequel	1354556382
125054	470	sequel	1467556926
11477	471	Fantasy	1392796520
15204	471	fantasy	1555780928
31047	471	Fantasy	1528330941
142822	471	Fantasy	1208667928
145919	471	Fantasy	1312329437
148146	471	fantasy	1493322069
3648	480	action classic	1437319069
20481	480	fantasy	1428772517
63341	480	a classic	1423969027
56238	485	fantasy	1283839217
118383	485	fantasy	1426122080
24213	508	Abandoned	1545871876
21096	511	college	1278703973
6550	512	alien	1528611805
6550	512	alien contact	1528611806
21096	512	aliens	1298952944
6550	519	sequel	1527452626
54303	519	sequel	1253527979
21096	524	college	1197716123
123527	531	fantasy	1538604312
12966	541	fantasy	1257900183
15078	541	fantasy	1296358096
47969	541	fantasy	1403732048
77119	541	fantasy	1246534045
103598	541	fantasy	1310203162
109141	541	fantasy	1278282747
114343	541	fantasy	1241638293
131347	541	fantasy	1558667761
145061	541	fantasy	1137778733
155309	541	fantasy	1230682426
6550	542	college	1528512822
35058	546	Fantasy	1325783644
43069	546	Fantasy	1242073717
15204	551	fantasy	1555779892
17333	551	fantasy	1493691521
19346	551	fantasy	1514411975
28826	551	fantasy	1320979943
35058	551	fantasy	1553688753
67499	551	fantasy	1531734574
139556	551	fantasy	1386729444
6862	587	Fantasy	1484920916
42022	587	Fantasy	1301510785
143091	587	Fantasy	1313853881
7335	588	Fantasy	1502931059
15560	588	Fantasy	1435548317
23759	588	fantasy	1569119142
36535	588	aliens	1161647585
40932	588	aliens	1356889680
40932	588	Fantasy	1356889707
59047	588	Fantasy	1422654901
61718	588	Fantasy	1455985916
78897	588	Fantasy	1447432051
86425	588	Fantasy	1365943878
114297	588	Fantasy	1498938053
117179	588	Fantasy	1310055822
145919	588	Fantasy	1312328598
89320	596	fantasy	1147449867
111848	596	fantasy	1143585423
142533	596	fantasy	1527654680
142822	596	fantasy	1208667918
148146	596	fantasy	1493321965
6550	606	sequel	1528611862
125054	609	sequel	1467557796
125054	631	sequel	1467557809
15204	653	fantasy	1558649771
51322	653	fantasy	1338984438
92770	653	fantasy	1489605783
131454	653	fantasy	1328615254
138596	653	fantasy	1325947417
5196	661	fantasy	1465715970
36159	661	fantasy	1437939216
104394	661	fantasy	1248746130
109146	661	fantasy	1289859783
145061	661	fantasy	1137778786
95673	670	sequel	1391570146
13788	673	aliens	1452268900
15204	673	aliens	1555764701
51799	673	aliens	1446078547
60142	673	aliens	1526091648
76875	673	aliens	1447417024
99605	673	aliens	1476392175
125054	673	aliens	1433326923
6550	674	alien planet	1528774445
91866	674	fantasy	1401509807
155146	674	alien planet	1552256818
155146	674	fantasy	1552256981
6550	735	zombie	1528352343
90691	735	zombie	1243713854
109141	735	zombie	1350486026
141361	735	zombie	1310775921
36535	741	ghost	1161647090
6550	745	animal	1528513295
6550	748	alien language	1527452590
12571	748	alien invasion	1552130959
12571	748	aliens	1552130956
21096	748	aliens	1349310016
31047	748	alien invasion	1485746277
31047	748	aliens	1485746231
61891	748	aliens	1170157882
62707	748	alien invasion	1149146200
71097	748	aliens	1413230760
84824	748	alien invasion	1264159529
84824	748	aliens	1264159535
143186	748	aliens	1484327452
6550	756	latin	1528563673
3225	780	alien invasion	1278019143
3225	780	aliens	1278019141
6550	780	alien	1527452956
7295	780	alien invasion	1435157618
11952	780	alien invasion	1268550520
11952	780	aliens	1268550528
13788	780	aliens	1446132616
15560	780	alien	1499143925
15560	780	alien invasion	1499143883
15560	780	aliens	1499143890
15560	780	aliens invasion	1499143929
18484	780	aliens	1146068855
19388	780	alien	1368295695
20075	780	alien invasion	1371427115
21096	780	aliens	1245234315
22779	780	alien invasion	1526414332
23759	780	alien invasion	1566708453
23759	780	aliens	1566708454
25439	780	aliens	1137316594
30178	780	aliens	1140448790
33204	780	aliens	1321365170
35241	780	alien invasion	1387123274
35241	780	aliens	1387123277
36159	780	alien	1437964787
36159	780	alien invasion	1437964769
36159	780	aliens	1437964773
37807	780	aliens invasion	1421361453
38518	780	aliens	1141051371
38972	780	alien invasion	1270939831
38972	780	aliens	1270939833
41275	780	aliens	1320785042
42923	780	alien	1368362694
42923	780	alien invasion	1330413937
50115	780	alien invasion	1413149259
51799	780	alien invasion	1445474871
51799	780	aliens	1445474875
53708	780	alien invasion	1270996329
54553	780	alien invasion	1354154710
54791	780	alien invasion	1461426092
54838	780	alien invasion	1279133980
55878	780	alien invasion	1270254591
56391	780	alien invasion	1297089132
56391	780	aliens	1297089128
58906	780	alien invasion	1163100945
58906	780	aliens	1163100941
59391	780	alien invasion	1456363900
61610	780	alien invasion	1568824433
61610	780	aliens	1568824435
62707	780	alien invasion	1149145924
63042	780	alien invasion	1516837691
65860	780	alien invasion	1567001076
67928	780	alien invasion	1262275104
67928	780	aliens	1262275108
67977	780	alien invasion	1378424892
70294	780	alien	1367660608
71356	780	alien invasion	1241116154
72832	780	alien invasion	1304637787
75571	780	alien invasion	1496362775
75571	780	aliens	1496362779
75665	780	alien invasion	1385395490
79342	780	alien invasion	1285014885
79435	780	alien	1520115652
79435	780	aliens	1520115633
79435	780	aliens invasion	1520115651
79880	780	alien invasion	1241533180
82198	780	alien invasion	1265480358
82333	780	alien	1367968362
83713	780	alien invasion	1467500879
83713	780	aliens	1467500901
83844	780	alien invasion	1271780237
83844	780	aliens	1271780234
86942	780	alien invasion	1166781698
86942	780	aliens	1166781696
88962	780	alien invasion	1439869678
88962	780	aliens	1439869705
88962	780	aliens invasion	1439869690
89320	780	aliens	1147409019
92770	780	alien invasion	1489605622
94552	780	alien	1466125966
94552	780	alien invasion	1466125980
94552	780	aliens	1466125952
94552	780	aliens invasion	1466125971
99815	780	alien invasion	1240906016
99815	780	aliens	1240905987
101874	780	alien invasion	1489098959
101874	780	aliens	1489098962
103883	780	aliens	1248249573
104394	780	alien invasion	1290639158
104394	780	aliens	1290639164
105728	780	alien invasion	1481176004
105792	780	alien invasion	1286644440
105877	780	alien invasion	1551750890
105877	780	aliens	1551750922
110243	780	aliens	1152156925
110966	780	alien invasion	1403307085
110966	780	aliens	1403307087
116473	780	aliens	1457352534
119138	780	alien invasion	1292813135
121867	780	alien invasion	1450023492
125239	780	alien	1476270880
125239	780	alien invasion	1476270833
125239	780	aliens	1476270840
125239	780	aliens invasion	1476270885
129123	780	alien invasion	1263257441
131347	780	aliens	1140066692
131454	780	alien invasion	1325942051
131454	780	aliens	1325942061
131888	780	alien invasion	1215514951
131888	780	aliens	1215514948
132858	780	alien invasion	1190239382
134381	780	aliens	1466286934
137365	780	alien	1368331354
137639	780	alien invasion	1345681373
137639	780	aliens	1345681376
138130	780	aliens invasion	1430513884
141226	780	alien invasion	1507526417
141263	780	alien invasion	1315208745
141263	780	aliens	1343711091
142781	780	alien invasion	1519300247
142781	780	aliens	1519300250
142922	780	aliens	1142140402
145061	780	aliens	1137735088
145701	780	alien invasion	1262766797
145701	780	aliens	1262766802
147836	780	alien invasion	1248082489
148306	780	alien	1461880517
148306	780	alien invasion	1461880479
148306	780	aliens	1461880484
148306	780	aliens invasion	1461880522
149044	780	alien	1514305896
149044	780	alien invasion	1514305828
154184	780	alien invasion	1344772263
154396	780	alien invasion	1455971230
154396	780	aliens	1455971233
154396	780	aliens invasion	1455971258
6550	799	ghost	1528513089
124601	818	sequel	1137103266
99605	837	Fantasy	1476392127
104394	837	Fantasy	1245980723
6550	839	sequel	1528603057
21002	839	sequel	1241220020
39983	839	sequel	1383416625
104394	839	sequel	1245865864
136687	839	sequel	1170688692
95673	849	sequel	1530327738
6550	906	pianist	1528559702
15204	919	fantasy	1306926151
16449	919	fantasy	1316995746
20917	919	fantasy	1525842844
35058	919	fantasy	1421232089
36159	919	fantasy	1437939713
40648	919	fantasy	1356248860
44147	919	fantasy	1454878930
58632	919	fantasy	1139273506
61718	919	fantasy	1455984969
69125	919	fantasy	1313549743
75665	919	fantasy	1290454616
92812	919	fantasy	1403479081
97382	919	fantasy	1496338850
100517	919	fantasy	1316830969
104394	919	fantasy	1246932881
107562	919	fantasy	1241291055
116587	919	fantasy	1235836031
118354	919	fantasy	1367805697
123621	919	fantasy	1526300197
131347	919	fantasy	1546375114
144173	919	fantasy	1233027136
148146	919	fantasy	1493323063
152499	919	fantasy	1305876268
7295	924	aliens	1435325259
18584	924	aliens	1463956513
21096	924	aliens	1245415106
34047	924	aliens	1538397965
49134	924	aliens	1573589485
54838	924	aliens	1239149319
56320	924	aliens	1246245355
62707	924	aliens	1149144030
63769	924	aliens	1470765619
68096	924	aliens	1561870459
79880	924	aliens	1241551689
80370	924	aliens	1541566002
86425	924	aliens	1365943989
96795	924	aliens	1568461498
99815	924	aliens	1308385266
103274	924	aliens	1439490116
103394	924	aliens	1342035733
105716	924	aliens	1516150073
105728	924	aliens	1475988933
105738	924	aliens	1496792867
118303	924	aliens	1532819008
125503	924	aliens	1570851276
131341	924	aliens	1498456783
131347	924	aliens	1201416507
131454	924	aliens	1328610253
133739	924	aliens	1566950196
138412	924	alien intelligence	1573775416
147750	924	aliens	1375224858
148306	924	aliens	1461885077
150898	924	aliens	1429022183
155146	924	aliens	1421009128
64333	926	"""bitchy"""	1267291855
6550	943	ghost	1528602945
60024	944	fantasy	1334369806
64618	944	fantasy	1531237121
563	953	fantasy	1242469114
40932	953	fantasy	1387986559
70796	953	fantasy	1252744847
115820	953	fantasy	1241123560
6550	968	zombie	1528612548
90691	968	zombie	1251407883
103598	968	zombie	1410869158
110966	968	zombie	1403813332
115820	968	zombie	1241130067
135039	968	zombie	1501895837
138476	968	zombie	1137302374
6550	992	fantasy	1528589904
6550	1005	college	1527452302
125054	1011	sequel	1467615091
653	1013	60s	1540752076
653	1018	60s	1540752335
653	1025	60s	1540752527
56238	1025	fantasy	1242980997
86425	1025	fantasy	1365943415
124790	1025	fantasy	1187954460
6550	1033	animal	1527460918
123527	1034	20th Century	1540742696
653	1035	60s	1540752475
123527	1036	20th Century	1540743101
123527	1059	20th Century	1540744106
3394	1073	Fantasy	1532245835
26737	1073	fantasy	1449393669
35058	1073	fantasy	1325781275
36159	1073	Fantasy	1437939127
38612	1073	Fantasy	1253632720
44147	1073	Fantasy	1454878894
45004	1073	Fantasy	1490570887
53413	1073	fantasy	1561833008
69125	1073	Fantasy	1313549817
82157	1073	Fantasy	1242671859
83844	1073	Fantasy	1271780411
97583	1073	Fantasy	1287607691
103598	1073	Fantasy	1311009948
104394	1073	Fantasy	1246933482
119492	1073	Fantasy	1473394177
122105	1073	Fantasy	1359670839
148146	1073	fantasy	1493323801
151732	1073	Fantasy	1477095502
155025	1073	Fantasy	1167680159
6550	1080	latin	1528513405
2789	1097	aliens	1427143112
6550	1097	alien	1527461158
8773	1097	Aliens	1137640509
13788	1097	aliens	1447345193
15204	1097	alien	1555781595
15204	1097	aliens	1555781582
15204	1097	fantasy	1306930512
15560	1097	alien	1498014046
15560	1097	aliens	1498014021
21096	1097	aliens	1244889592
21679	1097	aliens	1493487144
34164	1097	aliens	1528315025
34931	1097	aliens	1508677935
35058	1097	fantasy	1325783324
35935	1097	aliens	1453184416
36159	1097	alien	1483563782
36159	1097	aliens	1483563764
38543	1097	aliens	1247727457
42022	1097	fantasy	1301507922
42923	1097	alien	1333707518
53708	1097	aliens	1435416579
60300	1097	alien	1204638529
61610	1097	aliens	1568821617
67155	1097	aliens	1572742441
75013	1097	aliens	1159646295
79880	1097	alien	1242679691
79880	1097	aliens	1242679693
83844	1097	aliens	1271780812
89320	1097	aliens	1147450063
89977	1097	aliens	1508048796
93305	1097	aliens	1176862947
94552	1097	alien	1466117489
94552	1097	aliens	1466117485
96795	1097	aliens	1480189108
99605	1097	aliens	1476394420
106730	1097	aliens	1304006639
110243	1097	aliens	1152156815
113623	1097	aliens	1325325572
113623	1097	fantasy	1322934576
115820	1097	alien	1241223638
115820	1097	aliens	1241223640
118354	1097	aliens	1356392263
126323	1097	aliens	1154073478
131347	1097	alien	1139075838
134381	1097	aliens	1466286997
139325	1097	aliens	1368385228
142781	1097	aliens	1521354003
145061	1097	aliens	1137735018
145701	1097	aliens	1262766857
147309	1097	aliens	1436980670
6550	1099	ghost	1528592588
29996	1099	ghost	1545747196
84442	1101	fantasy	1154126911
6550	1105	sequel	1528611763
125054	1125	sequel	1467639665
87	1127	aliens	1542308477
6038	1127	aliens	1410442075
6550	1127	alien life-form	1527452888
7295	1127	aliens	1435155577
11952	1127	aliens	1268550133
12493	1127	aliens	1570433319
13788	1127	aliens	1447342501
19388	1127	alien	1368295695
21096	1127	aliens	1197718254
34047	1127	aliens	1471356741
34164	1127	aliens	1410115903
42923	1127	alien	1368362694
54838	1127	aliens	1239149852
56238	1127	aliens	1242989524
59391	1127	aliens	1436409338
61624	1127	aliens	1539324755
69242	1127	aliens	1315821018
76718	1127	aliens	1245199904
78280	1127	aliens	1550352821
79880	1127	aliens	1243345218
94552	1127	aliens	1466231112
101874	1127	aliens	1488243664
106730	1127	aliens	1304002476
116930	1127	aliens	1355167738
117192	1127	alien	1515625116
117192	1127	aliens	1515625081
118668	1127	Aliens	1306717861
120343	1127	aliens	1465004242
137365	1127	alien	1368331354
138412	1127	aliens	1573776353
141625	1127	aliens	1440107133
149044	1127	aliens	1514303431
154396	1127	aliens	1455972040
44616	1176	fantasy	1529241697
3394	1196	aliens	1532247253
3448	1196	aliens	1492794710
3448	1196	fantasy	1492794700
3570	1196	fantasy	1546452967
7295	1196	fantasy	1435154604
9849	1196	aliens	1546450709
9849	1196	fantasy	1546450703
10391	1196	fantasy	1253753117
11391	1196	fantasy	1421352766
13788	1196	aliens	1446135463
14554	1196	fantasy	1285576395
15204	1196	aliens	1555766485
15204	1196	fantasy	1555766469
15560	1196	fantasy	1487130584
15560	1196	sequel	1487130622
18057	1196	fantasy	1267121595
22203	1196	fantasy	1462122009
26245	1196	fantasy	1242279899
27560	1196	aliens	1535084205
27560	1196	fantasy	1535084107
27895	1196	sequel	1437469428
28826	1196	fantasy	1354601954
29799	1196	fantasy	1423761106
30309	1196	fantasy	1245016066
30309	1196	sequel	1245016074
34793	1196	sequel	1430507564
35058	1196	aliens	1553684927
35058	1196	fantasy	1325782551
36159	1196	fantasy	1437928996
39370	1196	fantasy	1545001133
39601	1196	fantasy	1479966543
44258	1196	sequel	1262795800
44444	1196	aliens	1506307606
44444	1196	fantasy	1506307593
44444	1196	sequel	1506307614
44616	1196	fantasy	1440326068
45485	1196	aliens	1248706843
45485	1196	fantasy	1248706821
45485	1196	sequel	1248706839
54838	1196	aliens	1239149290
55783	1196	fantasy	1487342624
56238	1196	aliens	1242979766
56238	1196	fantasy	1261913443
59047	1196	fantasy	1422655201
60294	1196	fantasy	1468818165
62186	1196	fantasy	1557538306
62919	1196	fantasy	1140522145
64845	1196	fantasy	1386638750
64966	1196	sequel	1137170565
64979	1196	aliens	1303795728
64979	1196	fantasy	1303795716
71356	1196	aliens	1241115594
71356	1196	fantasy	1241115605
71356	1196	sequel	1241115617
75665	1196	fantasy	1385395012
77810	1196	fantasy	1540172239
78897	1196	fantasy	1446573191
80394	1196	fantasy	1455136681
81363	1196	aliens	1449694401
89320	1196	fantasy	1147412304
95614	1196	fantasy	1425166294
99605	1196	fantasy	1476318643
104394	1196	aliens	1290639311
104394	1196	fantasy	1290639305
105792	1196	fantasy	1275190561
105792	1196	sequel	1275190580
112116	1196	aliens	1416577562
115820	1196	aliens	1241224537
115820	1196	sequel	1241224492
116319	1196	sequel	1513049015
120092	1196	aliens	1533485409
124974	1196	fantasy	1264279270
125239	1196	aliens	1473586814
125239	1196	fantasy	1473586787
131347	1196	fantasy	1557195502
131347	1196	sequel	1557195607
131454	1196	fantasy	1325942470
136234	1196	fantasy	1245006632
141263	1196	aliens	1342860610
142781	1196	fantasy	1519133289
144406	1196	fantasy	1489765193
145061	1196	fantasy	1137734922
145650	1196	fantasy	1347774731
146338	1196	aliens	1461687854
146338	1196	fantasy	1461687835
146703	1196	aliens	1534880125
148306	1196	aliens	1461883981
148306	1196	fantasy	1461883963
148306	1196	sequel	1461883989
149044	1196	aliens	1514303296
151732	1196	aliens	1458357129
151732	1196	fantasy	1458357114
5503	1197	fantasy	1375248279
5819	1197	fantasy	1567947147
7335	1197	fantasy	1502931208
7377	1197	fantasy	1166332055
7570	1197	fantasy	1535719489
9492	1197	fantasy	1555191505
11338	1197	fantasy	1297971543
11952	1197	fantasy	1268551103
13788	1197	fantasy	1447354417
15204	1197	fantasy	1306922152
17022	1197	fantasy	1472054555
19346	1197	fantasy	1500841863
22203	1197	fantasy	1462123596
25901	1197	fantasy	1563662779
29732	1197	fantasy	1543210518
30178	1197	fantasy	1140446869
36159	1197	fantasy	1512324227
41085	1197	fantasy	1386459537
44444	1197	fantasy	1506745874
44572	1197	fantasy	1294130370
44960	1197	fantasy	1284679458
47969	1197	fantasy	1279405610
48664	1197	fantasy	1462368781
50416	1197	fantasy	1283027757
51184	1197	fantasy	1243970747
51799	1197	fantasy	1445474533
55236	1197	fantasy	1489938377
56238	1197	fantasy	1242994392
58906	1197	fantasy	1163101469
60024	1197	fantasy	1334156847
61204	1197	fantasy	1459120458
61718	1197	fantasy	1455981699
65243	1197	fantasy	1517564892
67000	1197	fantasy	1247161922
70176	1197	fantasy	1432084057
71609	1197	fantasy	1444501700
78960	1197	fantasy	1282611377
97160	1197	fantasy	1357083914
98936	1197	fantasy	1263874803
99325	1197	fantasy	1492435827
101821	1197	fantasy	1245073931
102850	1197	fantasy	1529592311
103598	1197	fantasy	1311008923
105792	1197	fantasy	1286644214
109758	1197	fantasy	1245684898
110915	1197	fantasy	1458939182
112887	1197	fantasy	1570427014
113623	1197	fantasy	1358455492
116327	1197	fantasy	1271753310
116587	1197	fantasy	1235836399
116597	1197	fantasy	1396154182
116930	1197	fantasy	1354719457
122105	1197	fantasy	1360727380
122715	1197	fantasy	1234762140
124244	1197	fantasy	1298298912
131240	1197	fantasy	1429357655
134386	1197	fantasy	1525535892
134841	1197	fantasy	1438929889
135601	1197	fantasy	1442721820
137365	1197	fantasy	1306971030
140182	1197	fantasy	1449705675
141263	1197	fantasy	1377805419
142712	1197	fantasy	1439133971
143091	1197	fantasy	1312315727
143863	1197	fantasy	1503688607
143964	1197	fantasy	1241911053
145978	1197	fantasy	1454805301
146757	1197	fantasy	1456508224
147388	1197	fantasy	1290762053
147750	1197	fantasy	1419088504
149238	1197	fantasy	1465792882
151732	1197	fantasy	1412391906
152790	1197	fantasy	1403415824
153899	1197	fantasy	1456648317
155454	1197	fantasy	1325540894
15078	1199	fantasy	1296345599
44147	1199	fantasy	1454879080
44616	1199	fantasy	1533465754
58084	1199	fantasy	1328219256
64537	1199	fantasy	1481718108
103598	1199	fantasy	1400937309
135039	1199	fantasy	1458262581
145061	1199	fantasy	1138336823
3394	1200	Alien	1525183628
3394	1200	aliens	1525183551
3394	1200	sequel	1525183694
3448	1200	Alien	1540275528
3448	1200	aliens	1540275511
6038	1200	aliens	1397660893
6550	1200	alien	1527452944
7273	1200	aliens	1262289822
7295	1200	aliens	1435155788
12493	1200	aliens	1469735738
13788	1200	aliens	1446135614
16134	1200	Alien	1549970704
16134	1200	aliens	1549970693
21096	1200	aliens	1245050582
28493	1200	Alien	1417416241
28493	1200	aliens	1417416219
30835	1200	aliens	1251534383
30839	1200	Alien	1441880286
30839	1200	aliens	1441880290
32293	1200	aliens	1485692179
34047	1200	aliens	1364593581
34164	1200	aliens	1410175578
36159	1200	Alien	1520727352
36159	1200	aliens	1520727318
42923	1200	aliens	1333707260
47658	1200	alien	1557111991
49068	1200	aliens	1268433516
51799	1200	aliens	1445401819
53708	1200	aliens	1270954306
54526	1200	aliens	1284302235
56238	1200	alien	1242989458
56238	1200	aliens	1242989460
56733	1200	Alien	1442130297
56733	1200	aliens	1442130278
58385	1200	aliens	1541969650
59391	1200	aliens	1436409308
60024	1200	alien	1334328475
63042	1200	aliens	1516835173
63769	1200	aliens	1450618162
65860	1200	alien	1567002214
65860	1200	aliens	1567002197
66999	1200	aliens	1485037556
67928	1200	aliens	1262275317
68096	1200	alien	1561870788
68096	1200	aliens	1561870763
76718	1200	aliens	1247937270
78688	1200	aliens	1429084344
78897	1200	Alien	1447517676
78897	1200	aliens	1447517648
78897	1200	sequel	1447517693
79880	1200	alien	1241745568
79880	1200	aliens	1241745569
81723	1200	aliens	1161198700
84442	1200	aliens	1154126109
84824	1200	aliens	1425983601
86425	1200	aliens	1365943813
87384	1200	aliens	1560588303
98936	1200	aliens	1264226662
99213	1200	aliens	1563214949
100046	1200	aliens	1398407098
101505	1200	aliens	1479761821
103883	1200	sequel	1248042719
104394	1200	alien	1247636060
104394	1200	aliens	1247636063
107151	1200	aliens	1543962878
107280	1200	aliens	1249388518
110243	1200	aliens	1151965538
114343	1200	aliens	1241638100
116473	1200	Alien	1457284753
116473	1200	aliens	1457284736
119580	1200	Alien	1525641646
120343	1200	aliens	1465004196
125239	1200	aliens	1473586959
128144	1200	Alien	1446649810
128144	1200	aliens	1446649792
129538	1200	aliens	1457901252
131454	1200	aliens	1328612593
136355	1200	aliens	1440152236
139597	1200	aliens	1335445829
139597	1200	sequel	1335445857
140182	1200	aliens	1449704480
141103	1200	aliens	1466692966
141263	1200	alien	1341210812
141263	1200	aliens	1341210813
142337	1200	aliens	1573108822
144394	1200	alien	1562193145
144394	1200	aliens	1562193119
146338	1200	aliens	1461687815
147045	1200	Alien	1139047874
149044	1200	aliens	1514303345
151732	1200	aliens	1409358330
154146	1200	aliens	1537722389
154396	1200	aliens	1455972224
155146	1200	alien	1311157990
155146	1200	aliens	1311157993
155146	1200	sequel	1438631974
95673	1201	sequel	1523070976
3394	1210	aliens	1532247502
3448	1210	aliens	1492783721
3448	1210	fantasy	1492783717
3570	1210	fantasy	1546452988
8407	1210	aliens	1572828073
8407	1210	fantasy	1572828068
13788	1210	aliens	1446135533
15204	1210	aliens	1555766714
15204	1210	fantasy	1555766707
15560	1210	sequel	1487215220
19759	1210	fantasy	1428357823
21096	1210	aliens	1298337958
26130	1210	aliens	1433337446
26245	1210	fantasy	1242279595
27560	1210	aliens	1535084658
27560	1210	fantasy	1535084653
28826	1210	fantasy	1355490899
35058	1210	aliens	1553684970
35058	1210	fantasy	1325783671
36159	1210	fantasy	1437929929
36312	1210	aliens	1243748577
42923	1210	fantasy	1330417255
44444	1210	aliens	1506307411
44444	1210	fantasy	1506307402
44444	1210	sequel	1506307421
45485	1210	sequel	1248707147
54838	1210	aliens	1239149302
55783	1210	fantasy	1494680139
56238	1210	aliens	1261936213
56238	1210	fantasy	1261936216
62919	1210	fantasy	1140522154
64845	1210	aliens	1386638662
64966	1210	sequel	1137170542
68275	1210	fantasy	1552151035
73565	1210	fantasy	1260669334
73613	1210	fantasy	1339803810
75665	1210	fantasy	1385395560
78897	1210	aliens	1446575777
78897	1210	fantasy	1446575767
81363	1210	aliens	1449694298
81723	1210	fantasy	1161198703
89320	1210	fantasy	1147449663
90908	1210	fantasy	1454936046
91866	1210	fantasy	1400031315
97160	1210	fantasy	1357083870
99605	1210	fantasy	1476318577
99635	1210	aliens	1314507116
100046	1210	aliens	1378926069
104394	1210	aliens	1290639198
104394	1210	fantasy	1290639200
105792	1210	fantasy	1275190624
105792	1210	sequel	1275190626
109441	1210	aliens	1417243136
109441	1210	fantasy	1417243161
109441	1210	sequel	1417243175
109560	1210	aliens	1444529879
109560	1210	sequel	1444529879
112887	1210	aliens	1570715944
112887	1210	fantasy	1570715938
112887	1210	sequel	1570715953
115820	1210	aliens	1241224728
115820	1210	fantasy	1241224715
115820	1210	sequel	1241224684
120092	1210	aliens	1533325844
124601	1210	sequel	1137103271
124974	1210	fantasy	1255300961
124974	1210	sequel	1255300981
125239	1210	aliens	1473586892
125239	1210	fantasy	1473586877
131347	1210	fantasy	1559971584
131888	1210	fantasy	1215514966
141837	1210	fantasy	1148927402
145061	1210	fantasy	1137734985
145650	1210	Aliens	1347773156
145650	1210	Fantasy	1347773148
146703	1210	aliens	1534880147
151023	1210	aliens	1310850165
151732	1210	aliens	1514684449
151732	1210	fantasy	1514684443
152313	1210	fantasy	1153362235
1881	1214	aliens	1298618318
3148	1214	aliens	1568327137
3394	1214	alien	1525182789
3394	1214	aliens	1525182753
3448	1214	alien	1532083917
3448	1214	aliens	1532075283
6550	1214	alien	1528612557
6773	1214	aliens	1494847709
7295	1214	aliens	1435155733
10754	1214	aliens	1518146882
11588	1214	aliens	1463241387
12493	1214	aliens	1469735859
13788	1214	aliens	1446135439
13821	1214	aliens	1445360925
15078	1214	alien	1296358135
15078	1214	aliens	1296358137
16134	1214	aliens	1549970660
16468	1214	aliens	1435206020
21096	1214	aliens	1245050540
23934	1214	aliens	1357091222
26621	1214	alien	1488041072
26621	1214	aliens	1488041054
29936	1214	aliens	1306031815
30178	1214	alien	1141535711
30178	1214	aliens	1141535711
30442	1214	aliens	1291358737
30839	1214	alien	1441880382
30839	1214	aliens	1441880339
32922	1214	aliens	1275942114
34047	1214	aliens	1338839347
34164	1214	aliens	1410175646
36159	1214	aliens	1437930741
36535	1214	Aliens	1161649711
40416	1214	aliens	1248635360
40491	1214	alien	1515051125
40491	1214	aliens	1515051099
42923	1214	aliens	1337315442
51322	1214	aliens	1339464603
51799	1214	aliens	1445401547
52093	1214	aliens	1473193844
53708	1214	alien	1270954284
53708	1214	aliens	1270954285
54526	1214	aliens	1284302267
56238	1214	alien	1350062659
56320	1214	aliens	1245562166
58385	1214	aliens	1541969796
59391	1214	aliens	1501041103
60024	1214	alien	1334328378
60192	1214	aliens	1284812356
63042	1214	aliens	1516835127
63769	1214	aliens	1450618205
65860	1214	alien	1567002250
65860	1214	aliens	1567002233
66305	1214	aliens	1533516942
66328	1214	alien	1199159528
66999	1214	alien	1485037960
66999	1214	aliens	1485037941
67928	1214	aliens	1262275171
68096	1214	alien	1561871064
68096	1214	aliens	1561871044
69242	1214	aliens	1315821030
76718	1214	aliens	1247937273
77892	1214	aliens	1427178513
78897	1214	alien	1447517830
78897	1214	aliens	1447517789
79880	1214	alien	1241745539
79880	1214	aliens	1241745488
84442	1214	aliens	1154126478
86425	1214	aliens	1365943837
86942	1214	aliens	1287994266
90691	1214	aliens	1252613913
92018	1214	aliens	1525501752
93305	1214	aliens	1177126637
94552	1214	alien	1466114983
94552	1214	aliens	1466114974
98936	1214	aliens	1263876560
99213	1214	aliens	1563214897
101874	1214	alien	1489097130
101874	1214	aliens	1489097117
103418	1214	aliens	1462844234
103598	1214	aliens	1410869727
103883	1214	alien	1248054252
104394	1214	alien	1247635969
104394	1214	aliens	1247635973
105412	1214	aliens	1499543905
105716	1214	aliens	1516150806
105728	1214	aliens	1477868102
105738	1214	alien	1496792210
105738	1214	aliens	1496792181
107151	1214	aliens	1543962811
109146	1214	aliens	1289861070
109697	1214	aliens	1448159334
109827	1214	aliens	1285738083
110243	1214	aliens	1151967055
112802	1214	aliens	1527534175
112887	1214	alien	1570427829
112887	1214	aliens	1570427815
114644	1214	aliens	1450634315
116473	1214	alien	1457284853
116473	1214	aliens	1457284802
117764	1214	alien	1483835041
117764	1214	aliens	1483835019
119580	1214	Alien	1525641695
120343	1214	alien	1465004155
120343	1214	aliens	1465004164
122105	1214	aliens	1359671771
131347	1214	alien	1138743197
131347	1214	aliens	1557167792
131454	1214	aliens	1328612660
136355	1214	aliens	1440152253
137365	1214	aliens	1306967333
140182	1214	aliens	1449704438
141103	1214	aliens	1466693429
141263	1214	alien	1341125611
142337	1214	aliens	1573076197
143878	1214	alien	1565199015
144394	1214	alien	1562193329
144394	1214	aliens	1562193293
145281	1214	aliens	1527220098
145701	1214	aliens	1262766835
146338	1214	aliens	1461687780
147045	1214	Alien	1139047843
149044	1214	alien	1514305025
149044	1214	aliens	1514304960
149463	1214	aliens	1248863959
151342	1214	aliens	1244857196
151732	1214	aliens	1409358297
153372	1214	alien	1468541181
153372	1214	aliens	1468541184
154146	1214	alien	1537722434
154184	1214	aliens	1343329617
154396	1214	aliens	1455971131
155146	1214	alien	1421010049
155146	1214	aliens	1421010029
3394	1215	fantasy	1525387080
3394	1215	sequel	1525387694
6550	1215	zombie	1528513337
25901	1215	fantasy	1563663175
53084	1215	zombie	1299781984
56238	1215	fantasy	1242989221
65888	1215	zombie	1260380117
95673	1215	sequel	1446094976
111075	1215	zombie	1244996334
127019	1215	fantasy	1307235812
138476	1215	zombie	1137301954
21096	1221	sequel	1245288820
23544	1221	sequel	1137737081
30309	1221	sequel	1245017210
51640	1221	sequel	1438661525
66976	1221	sequel	1290462881
85350	1221	sequel	1273664231
123527	1221	sequel	1529298892
136837	1221	sequel	1263686939
140454	1221	sequel	1150913288
6550	1232	alien	1528592653
6550	1234	20th century	1528513390
6550	1241	zombie	1528512697
15078	1241	zombie	1298324623
38451	1241	zombie	1428024284
61610	1241	zombie	1438475672
85350	1241	zombie	1273666920
86942	1241	zombie	1240898279
89177	1241	zombie	1315947967
90691	1241	zombie	1242996943
117911	1241	zombie	1481619232
138476	1241	zombie	1137301966
155146	1241	zombie	1503090404
6550	1247	college	1528513422
143000	1247	college	1534962492
5692	1251	fantasy	1537118341
20917	1251	fantasy	1518614608
31047	1251	fantasy	1464064780
45361	1251	fantasy	1367108270
98750	1251	fantasy	1440741349
144999	1251	fantasy	1261205815
6038	1253	aliens	1416407411
6550	1253	alien technology	1528593272
21096	1253	aliens	1246246784
47969	1253	aliens	1484079871
53304	1253	aliens	1450213410
53708	1253	aliens	1291757943
79880	1253	aliens	1243345312
89320	1253	aliens	1147411393
92770	1253	aliens	1489601056
94552	1253	aliens	1466117555
110243	1253	aliens	1151966114
112917	1253	aliens	1242133468
131347	1253	aliens	1138483118
140182	1253	aliens	1449703325
9597	1255	alien invasion	1237486551
9597	1255	aliens	1237486551
13788	1255	aliens	1447170052
21096	1255	aliens	1247179729
86942	1255	alien invasion	1240992913
86942	1255	aliens	1240992897
94552	1255	alien invasion	1466746048
94552	1255	aliens	1466746041
110243	1255	aliens	1195768536
126013	1255	aliens	1283754904
151228	1255	aliens	1378661547
15204	1261	zombie	1555764779
40638	1261	zombie	1279132626
68096	1261	zombie	1561871262
83243	1261	zombie	1350797674
85115	1261	zombie	1451517142
89977	1261	zombie	1572283662
90691	1261	zombie	1252613157
138476	1261	zombie	1137301973
2730	1265	Fantasy	1450770380
11952	1265	Fantasy	1268551618
40187	1265	Fantasy	1271390407
61718	1265	Fantasy	1457144238
61973	1265	Fantasy	1430711517
62048	1265	Fantasy	1427999746
83426	1265	Fantasy	1331127512
83844	1265	Fantasy	1228122480
91866	1265	Fantasy	1399684619
95615	1265	Fantasy	1279734752
96795	1265	Fantasy	1503410747
97160	1265	Fantasy	1357138321
103598	1265	Fantasy	1311008656
105728	1265	Fantasy	1480386124
128779	1265	Fantasy	1242942737
141625	1265	Fantasy	1440107553
142682	1265	Fantasy	1549749540
148306	1265	Fantasy	1461885443
149463	1265	Fantasy	1420148835
41275	1270	fantasy	1320785595
62014	1270	fantasy	1308756684
64966	1270	sequel	1137169215
86425	1270	fantasy	1365945393
91866	1270	fantasy	1396417680
34164	1275	fantasy	1411188948
123527	1275	fantasy	1533975659
44616	1282	Fantasy	1532824591
61610	1282	Fantasy	1494110951
80976	1282	Fantasy	1435777326
123527	1282	Fantasy	1434867204
44444	1291	Sequel	1506745478
56238	1291	Sequel	1242987321
84824	1291	Sequel	1420974496
116319	1291	Sequel	1513051089
147750	1291	Sequel	1340921201
264	1297	college	1543392578
6588	1297	college	1298187630
8730	1297	college	1424216856
10231	1297	college	1473414182
15558	1297	college	1434412117
21096	1297	college	1245834495
35956	1297	college	1441705996
52610	1297	college	1283564772
62925	1297	college	1290968250
79880	1297	college	1241550876
110243	1297	college	1229558691
116684	1297	college	1283563950
155146	1297	college	1534104580
6038	1301	aliens	1416325803
6550	1301	alien planet	1528774469
47969	1301	alien technology	1470866184
47969	1301	aliens	1470866163
54838	1301	aliens	1240876778
3150	1302	fantasy	1267428259
6550	1302	ghost	1528593578
19930	1302	fantasy	1186684141
34164	1302	fantasy	1469998121
84442	1302	fantasy	1154127738
101874	1302	fantasy	1488244298
131347	1302	fantasy	1404706266
143000	1302	fantasy	1528488697
143964	1302	fantasy	1241912917
3394	1320	Alien	1530966926
3394	1320	aliens	1530966899
3394	1320	sequel	1530966931
6550	1320	alien	1527452819
6550	1320	sequel	1527452819
6773	1320	Alien	1494847846
11588	1320	Alien	1463242682
11588	1320	aliens	1463242693
11588	1320	sequel	1463242675
12493	1320	aliens	1496193636
13788	1320	aliens	1447159649
16134	1320	alien	1550021598
16134	1320	aliens	1550021596
21096	1320	aliens	1245451314
47969	1320	Alien	1267990662
47969	1320	sequel	1271334451
54838	1320	sequel	1279643240
56238	1320	Alien	1242989423
56238	1320	aliens	1242989425
56238	1320	sequel	1242989437
61891	1320	aliens	1170157820
78897	1320	Alien	1448368297
78897	1320	aliens	1448368284
78897	1320	sequel	1448368293
83453	1320	aliens	1449551703
84442	1320	aliens	1154127487
84442	1320	sequel	1154127502
84533	1320	sequel	1280000661
94552	1320	Alien	1466745083
94552	1320	aliens	1466745073
98936	1320	sequel	1263872427
102482	1320	Alien	1542510595
102482	1320	aliens	1542510584
104394	1320	Alien	1247636120
104394	1320	aliens	1247636127
104394	1320	sequel	1247636139
105728	1320	Alien	1518056283
110243	1320	aliens	1195769058
119580	1320	Alien	1525641564
123527	1320	Alien	1540743586
123527	1320	aliens	1434948042
146703	1320	aliens	1555195384
147045	1320	Alien	1139047813
147750	1320	aliens	1472728871
147750	1320	sequel	1472728866
149044	1320	Alien	1514454615
149044	1320	aliens	1514454604
151342	1320	aliens	1244857432
153372	1320	aliens	1468541814
155146	1320	Alien	1439416047
155146	1320	aliens	1438700099
6550	1322	ghost	1528611414
6550	1322	sequel	1528611414
6550	1324	ghost	1528611336
6550	1328	sequel	1528611394
105728	1328	sequel	1537845566
14116	1340	sequel	1181578579
120343	1342	fantasy	1465004452
3394	1347	fantasy	1531031713
9391	1356	aliens	1534722615
11952	1356	aliens	1268552113
13788	1356	aliens	1446132803
15204	1356	aliens	1555849097
15560	1356	aliens	1464699619
21096	1356	aliens	1250129881
26621	1356	aliens	1487893635
60192	1356	aliens	1284811247
71097	1356	aliens	1320282200
95673	1356	sequel	1405712177
101096	1356	aliens	1538192166
102222	1356	aliens	1423852010
110966	1356	aliens	1403307722
112887	1356	aliens	1570686196
133412	1356	aliens	1278958838
140018	1356	aliens	1574186037
151732	1356	aliens	1553201061
6550	1357	pianist	1528593385
6550	1370	sequel	1527452847
34253	1370	sequel	1537714254
51799	1370	sequel	1445459164
95673	1370	sequel	1354497986
13788	1371	aliens	1446133213
21096	1371	aliens	1250130153
31047	1371	aliens	1527258412
106730	1371	aliens	1303948752
13788	1372	aliens	1446132975
21096	1372	aliens	1250130013
26621	1372	aliens	1487893777
27560	1372	aliens	1534981361
145650	1372	aliens	1347774031
7295	1373	aliens	1435322989
13788	1373	aliens	1446133183
21096	1373	aliens	1250130206
26621	1373	aliens	1487893821
101096	1373	aliens	1538192117
106730	1373	aliens	1303949308
133412	1373	aliens	1278958765
13788	1374	aliens	1446132848
21096	1374	aliens	1250129858
106730	1374	aliens	1303946936
13788	1375	aliens	1446132892
21096	1375	aliens	1250130090
106730	1375	aliens	1304116997
141263	1375	aliens	1340350375
106730	1376	aliens	1304117146
145650	1376	Aliens	1347775481
19930	1377	fantasy	1186684119
31197	1377	fantasy	1351741976
45004	1377	fantasy	1411600808
66999	1377	sequel	1484298178
6550	1379	sequel	1527460819
90441	1379	sequel	1498428827
4429	1381	sequel	1525483678
21096	1381	sequel	1312143412
6550	1388	sequel	1528612493
155025	1388	sequel	1167681418
6550	1389	sequel	1528611946
56238	1389	sequel	1404420219
13788	1391	aliens	1446132347
21096	1391	aliens	1245449904
22779	1391	alien invasion	1526414394
22779	1391	aliens	1526414481
36312	1391	alien invasion	1243748783
36312	1391	aliens	1243748760
37329	1391	aliens	1370735066
43201	1391	alien invasion	1553535797
43201	1391	aliens	1553535792
56645	1391	alien invasion	1241775203
62707	1391	alien invasion	1149144502
62707	1391	aliens	1149144502
89445	1391	aliens	1484093772
94552	1391	alien invasion	1466744592
94552	1391	aliens	1466744572
95673	1391	aliens	1257812464
100016	1391	aliens	1433678244
110243	1391	aliens	1152156849
117009	1391	alien invasion	1325944539
117009	1391	aliens	1325944535
131454	1391	alien invasion	1328611444
131454	1391	aliens	1328611447
131888	1391	alien invasion	1215913291
143964	1391	alien invasion	1241912071
149463	1391	aliens	1249916295
151732	1391	aliens	1548308238
154396	1391	alien invasion	1455972152
154396	1391	aliens	1455972143
6550	1410	sequel	1528351913
6550	1425	animal	1528509844
6550	1449	alien contact	1528513100
6550	1495	sequel	1527450913
